10 100 10 0 1 0.1
0.395204 0.2568678321240403 0.4914415405176506 0.554842 0.591357 0.7491875127273249 0.0
0.229384 0.21609979372571816 0.391316482361291 0.58981 0.6569400000000001 0.7006657109357766 0.21663164674862118
0.35803 0.3133693516382941 0.593719379670958 0.47654199999999997 0.6074010000000001 0.5658787223373697 0.3134169446970612
0.482433 0.3463514386003523 0.6713267855974143 0.426876 0.5791369999999999 0.5004049290898994 0.347680593293233
0.625057 0.3705057843528436 0.7275655133248147 0.404822 0.554038 0.4607193379776496 0.3705621021816883
0.653744 0.37817029952659775 0.7411396978262959 0.398333 0.5581510000000001 0.43598577823532675 0.3784626750916244
0.6467180000000001 0.37552192084602737 0.7345545337730589 0.389154 0.555913 0.4142197555624034 0.3760576879549184
0.644405 0.37070603362054305 0.7277992415035843 0.378668 0.556813 0.3929530663868034 0.3707331985609943
0.6152369999999999 0.3676098486677939 0.7205126248885734 0.37147800000000003 0.551885 0.3767385110742583 0.36725908524234147
0.569755 0.3493592456291694 0.6897065137077799 0.35059500000000005 0.536132 0.3518385623579222 0.3488965614651655
0.555902 0.3474400000000001 0.6831502507152308 0.3474400000000001 0.5450089999999999 0.3471783687790412 0.3470369685231269
0.392418 0.2544412050499088 0.48663284214960983 0.562058 0.593722 0.7603962140056468 0.0
0.21618600000000002 0.2123300285868246 0.38734545271112497 0.599538 0.651752 0.7057358414176669 0.21161823168852453
0.3849639999999999 0.33946985923843365 0.6451399062550344 0.478731 0.607906 0.5630742927798581 0.33832855005782025
0.7151400000000001 0.39695069329753874 0.778754146438077 0.426131 0.5570900000000001 0.4998165149960937 0.39761005803974897
0.744945 0.4121622141879452 0.8053562779014368 0.42885199999999996 0.563289 0.4777978498619848 0.41253488538291255
0.75527 0.41101045806446257 0.8031517520553664 0.421671 0.5616279999999999 0.4531557705789386 0.4099365629458425
0.751648 0.40373210488707834 0.793518500453114 0.41118 0.5514600000000001 0.43392721887351576 0.4039697111083306
0.7509000000000001 0.4049561192138064 0.7960823653680683 0.409197 0.553261 0.42219996046147584 0.4049410809781931
0.7388129999999999 0.40012396424395014 0.7848637626721203 0.402281 0.558177 0.40918250642038934 0.40071121271763127
0.723725 0.39303835605854104 0.7712030673302421 0.39363400000000004 0.5530130000000001 0.3952564423752262 0.3931894619922263
0.700476 0.382274 0.7550417081979129 0.382274 0.5381490000000001 0.3826704675379093 0.38306324502001804
0.391079 0.25216403799113457 0.4832931553912346 0.5644199999999999 0.5898909999999999 0.7646469181226262 0.0
0.20730800000000002 0.20185565554092855 0.36435434148659634 0.60842 0.6612319999999999 0.7143880839610451 0.20275836839733827
0.18565 0.19238451539913298 0.3527762123649001 0.52774 0.645817 0.6038747582380124 0.19193187775479176
0.7481369999999999 0.4131532542895394 0.8086407058884792 0.435604 0.563022 0.502119806876112 0.41420797397790843
0.778073 0.4176253008839793 0.8145366065299158 0.431589 0.564114 0.4808932032938845 0.4185753205409784
0.7999639999999999 0.420025123025292 0.8211298529062683 0.428562 0.5603790000000001 0.4620289798751751 0.4192750788498165
0.792492 0.4218795424091543 0.8259193557054598 0.4274 0.5583089999999999 0.44703940951852483 0.4200227342759547
0.7813709999999999 0.4140030678765578 0.8102937857096486 0.417393 0.561543 0.42970715074551963 0.4145797615077421
0.777492 0.4048940004371229 0.7989696567118042 0.406644 0.547663 0.4127536996867492 0.40464723400738617
0.769914 0.4010122909978648 0.7929071043220628 0.401487 0.5425920000000001 0.40277993793298883 0.4010118502856478
0.7642760000000001 0.40168899999999996 0.7913300866291061 0.40168899999999996 0.547216 0.4021782154856729 0.40237219258041695
0.39054099999999997 0.2532889203922559 0.4842111615004408 0.565751 0.5915450000000001 0.7656128507646836 0.0
0.197327 0.19786099626554385 0.35765223496248594 0.6146849999999999 0.659875 0.7166162593711866 0.19742096501304626
0.753737 0.41010637419367835 0.8024450220232525 0.44019100000000005 0.56175 0.5307857495733443 0.408821183505185
0.762747 0.41718803947449384 0.8151756178842827 0.43789999999999996 0.5643519999999999 0.5027700599159933 0.41396021835451596
0.79101 0.4248278892490349 0.8294571900097707 0.43694500000000003 0.5639449999999999 0.48298267575427756 0.42566354543260765
0.8016810000000001 0.42822705763329355 0.8393194665525169 0.43590300000000004 0.5542940000000001 0.46698942410958394 0.4287932014265247
0.806721 0.4200716318594831 0.826521257210371 0.425364 0.5521389999999999 0.4472393837112421 0.42009924523641157
0.793644 0.4187439913555059 0.8240175950933589 0.42196399999999995 0.553365 0.43458574410256423 0.4185034093589116
0.798486 0.421801149517168 0.8248282155128648 0.42309800000000003 0.5637099999999999 0.43004322282509033 0.42365572869219387
0.7907470000000001 0.4097887125477638 0.8084471222796197 0.410173 0.54822 0.41234776376781657 0.41035347688848267
0.785724 0.409326 0.8069254155973618 0.409326 0.551764 0.410175495657713 0.4106057891405768
0.3913920000000001 0.2553869727101842 0.4856834817244541 0.5669120000000001 0.6010989999999999 0.7666835420699109 0.0
0.204591 0.2112788356949245 0.38467231886770564 0.606365 0.649305 0.7075933989431333 0.21103455162545287
0.732284 0.41453920570910635 0.8048958896356965 0.44757499999999995 0.575066 0.5369829163456001 0.4153114801744557
0.785414 0.42776396302672115 0.8350957479887541 0.444257 0.566284 0.5045289204614612 0.42831991720752194
0.7991280000000001 0.4292662761538932 0.8373483818937757 0.440635 0.566097 0.4852008646319956 0.4293689380834812
0.814613 0.4291547737465052 0.8385741280679468 0.436282 0.567654 0.4664960295221024 0.42825852943732606
0.796264 0.42720005564195435 0.8361001630833325 0.432353 0.564553 0.4521921904755634 0.427345134880856
0.8094629999999999 0.42762059781237677 0.835898163416553 0.430243 0.566064 0.4415428671444077 0.42805182054820806
0.8103250000000001 0.42002183822607403 0.8230072727932075 0.42138099999999995 0.5587000000000001 0.42649448670800394 0.4189486952710185
0.804038 0.41435974168295014 0.8121400358475139 0.414681 0.5581130000000001 0.4153705695867002 0.4141066610709743
0.788019 0.404517 0.7956696354645207 0.404517 0.55883 0.40436142098458716 0.4046544666228201
0.391092 0.2583444319332248 0.4895280848653604 0.5670470000000001 0.592033 0.7649712769489375 0.0
0.199669 0.1962323179211647 0.3596789045404212 0.6107589999999999 0.6463129999999999 0.7134397773851733 0.19490209189718724
0.161759 0.17907953304377866 0.3198203187981002 0.5433049999999999 0.6629839999999999 0.6132406112469666 0.17929420841330465
0.783722 0.42670905436118667 0.8291178823993662 0.444276 0.579133 0.5076150861916591 0.4269170172909161
0.807019 0.43032787970003755 0.840051774891252 0.441271 0.5655699999999999 0.4854404688799512 0.4289818117286746
0.811449 0.43449180461423226 0.8482174011652852 0.441628 0.5678779999999999 0.47118530542435816 0.43291717278905073
0.8187080000000001 0.4305290189401177 0.8455230768857481 0.43491 0.553363 0.4539706618874141 0.4299404444042816
0.8175229999999999 0.4258499005702513 0.8352160553783149 0.428525 0.5534070000000001 0.4387107981011712 0.4242048842242291
0.8148299999999999 0.42466195319129363 0.8325023387815867 0.425836 0.556955 0.4308316486809621 0.4250347747657476
0.8063779999999999 0.42540749003343853 0.8231290211030795 0.4257520000000001 0.580599 0.4274655080544958 0.42530174204521126
0.8006060000000002 0.41800300000000007 0.8130158512752482 0.41800300000000007 0.57352 0.4188809557409486 0.4190236194138359
0.38707100000000005 0.2591338835718773 0.4878368918517018 0.571778 0.6101179999999999 0.7687579226023238 0.0
0.19312800000000002 0.1888192496498967 0.34367739808009695 0.616659 0.645903 0.7187137517239276 0.18876616315901157
0.169099 0.1936935977128207 0.34772681325385957 0.540529 0.66817 0.6106519347985786 0.19329413085492078
0.782663 0.42978317608629407 0.8384072441426941 0.44673199999999996 0.5682349999999999 0.5079491687563038 0.4307432355727229
0.81947 0.4375460362707538 0.8540274229126134 0.44673 0.569256 0.48880697559838154 0.4379152229396126
0.8237599999999999 0.4359302835457482 0.8551469410069574 0.442141 0.554329 0.47121076487149843 0.4364288630958054
0.819731 0.43250892717269984 0.8501007040274273 0.436428 0.552389 0.45262164888580236 0.43077701117924844
0.828795 0.428644975422341 0.8397794635476128 0.43100499999999997 0.5556690000000001 0.4420856381362403 0.4279367616149997
0.8099459999999999 0.4262695247157039 0.8301530929095623 0.427579 0.571225 0.43069049197915 0.42357618463512
0.8100139999999999 0.4260838757509894 0.8311657263406416 0.42640000000000006 0.570006 0.42732072644731756 0.42608108073989537
0.789788 0.41322299999999995 0.8082521742446838 0.41322299999999995 0.56347 0.41373717774255625 0.41369071386475903
0.39171000000000006 0.2512752673971564 0.4869003133606652 0.562486 0.576367 0.762588830946277 0.0
0.199053 0.21191560698815695 0.3885274433616785 0.608609 0.6441769999999999 0.70651909292745 0.21042025175740456
0.7845789999999999 0.4240641732235645 0.8233016270997061 0.44786400000000004 0.5740940000000001 0.5350534232493831 0.4258389772256979
0.7957919999999999 0.4329485087490748 0.8445207030502299 0.44859699999999997 0.5694459999999999 0.5088742976112124 0.43414709289166037
0.822681 0.4430080426445383 0.860131585288249 0.451496 0.577622 0.4900573059799198 0.4425603033075073
0.831241 0.4459979830668385 0.8695135889226722 0.45147299999999996 0.5697989999999999 0.4774050443614617 0.44509818462082806
0.8272289999999999 0.4370307245159088 0.8560527090493174 0.44089200000000006 0.5630550000000001 0.4590775434601029 0.436931578292104
0.8077989999999999 0.43125427108615627 0.8472719465154758 0.43395999999999996 0.5531959999999999 0.4460020220480643 0.4322866764343295
0.8264130000000001 0.4321246776954302 0.8418564382114652 0.43318399999999996 0.568715 0.4378201977015239 0.43174353472538224
0.812711 0.4176220185862784 0.8198604942452621 0.41792399999999996 0.558892 0.4197521984920367 0.4179033069590013
0.8033810000000001 0.41814 0.8121241953189761 0.41814 0.5769070000000001 0.41906150496083433 0.4188975314513323
0.382888 0.2522352424256357 0.47610237322137855 0.574643 0.608712 0.7742123511767851 0.0
0.205626 0.21007593534120156 0.3850414476981448 0.604879 0.644953 0.7067385512537737 0.2104294046443108
0.190073 0.24570459347550944 0.44650398063337443 0.5357820000000001 0.6585820000000001 0.5990605453629991 0.24533053546505504
0.810622 0.43064088198793365 0.839768126907281 0.445204 0.573392 0.5056209286089365 0.4286382517087965
0.830909 0.4485183555464832 0.8703946544310418 0.456288 0.579971 0.49418168198074175 0.4490259678271555
0.8239639999999999 0.4405906902261992 0.8621619802274141 0.446553 0.564542 0.47441004145154075 0.44035317477671604
0.843776 0.4383095992299972 0.8566782813565313 0.441818 0.568662 0.45967288889175884 0.4368424305003843
0.817098 0.43429389212250985 0.8496920701273268 0.436654 0.561555 0.4478949077225282 0.4354216720737146
0.81603 0.4278122271628277 0.8396084648843792 0.428936 0.5557649999999998 0.4334709117944526 0.427450680998674
0.7941630000000001 0.420693300109235 0.8172528472275515 0.421051 0.5753850000000001 0.4219226805495931 0.42023120286169624
0.799691 0.419204 0.8079040356351757 0.419204 0.583952 0.41863513405370495 0.41863139273227307
0.384202 0.2552973096627116 0.4869518473023888 0.5708909999999999 0.5957959999999999 0.7674665469378926 0.0
0.21047500000000002 0.212988771958225 0.38946416159619934 0.6030979999999999 0.6432279999999999 0.7066520006520092 0.21221680791024147
0.165449 0.18642319794643727 0.3413005185145671 0.539074 0.6489050000000001 0.6087232026267378 0.18628359854323598
0.7999100000000001 0.4304680061220503 0.8410731901056819 0.4458730000000001 0.5689590000000001 0.5063619898633367 0.4300747326245856
0.841191 0.4473212480018684 0.8664885618877906 0.45460199999999995 0.5788399999999999 0.492778514824085 0.44695222665687995
0.831804 0.4497791431191143 0.8683175308784962 0.455231 0.585813 0.483626857554025 0.4522483334246201
0.847405 0.4428651619965854 0.864101171759208 0.44624400000000003 0.568346 0.46491711724893786 0.4429575766780326
0.8075869999999999 0.4343256983533516 0.8510629275681945 0.43687 0.5632039999999999 0.44694245087790635 0.4341198539709788
0.832678 0.4345172847529214 0.8492860918260385 0.43555 0.561337 0.4402880701434443 0.43409478908231186
0.81353 0.43479927780416483 0.8389761925468094 0.435139 0.583182 0.4361275244373396 0.43448188553998635
0.793235 0.417697 0.8045009350212424 0.417697 0.592455 0.4188820910360077 0.41886429443636275
